moses 5 rest 12897044 104.962000 -51519.022730 1677 -30.720944 71.608 33.354 13.18 0.0198891
moses 10 rest 12900344 103.560000 -50586.622270 1677 -30.164951 71.608 31.952 13.54 0.0190531
moses 20 rest 12904532 116.362000 -49786.592820 1677 -29.687891 71.608 44.754 13.82 0.0266869
moses 30 rest 12908492 131.271000 -49382.057630 1677 -29.446665 71.608 59.663 13.84 0.0355772
moses 40 rest 12912240 134.986000 -49112.006320 1677 -29.285633 71.608 63.378 14.03 0.0377925
moses 50 rest 12915540 129.890000 -48949.183890 1677 -29.188541 71.608 58.282 14.23 0.0347537
moses 60 rest 12919620 152.588000 -48770.298540 1677 -29.081872 71.608 80.98 14.36 0.0482886
moses 80 rest 12923868 152.005000 -48530.297610 1677 -28.938758 71.608 80.397 14.48 0.047941
moses 100 rest 12933116 168.514000 -48385.485390 1677 -28.852406 71.608 96.906 14.49 0.0577853
moses 130 rest 12938672 187.672000 -48151.776580 1677 -28.713045 71.608 116.064 14.42 0.0692093
moses 170 rest 12942240 231.645000 -47969.929070 1677 -28.604609 71.608 160.037 14.44 0.0954305
moses 200 rest 12949436 226.747000 -47823.301560 1677 -28.517174 71.608 155.139 14.63 0.0925098
moses 250 rest 12964168 284.116000 -47678.158960 1677 -28.430625 71.608 212.508 14.72 0.126719
moses 300 rest 12973268 298.789000 -47578.490520 1677 -28.371193 71.608 227.181 14.82 0.135469
moses 350 rest 12997328 355.598000 -47476.003530 1677 -28.310080 71.608 283.99 14.80 0.169344
moses 400 rest 13001032 387.500000 -47374.165500 1677 -28.249353 71.608 315.892 14.82 0.188367
moses 450 rest 13009792 401.719000 -47324.868320 1677 -28.219957 71.608 330.111 14.76 0.196846
moses 500 rest 13009052 427.850000 -47265.810850 1677 -28.184741 71.608 356.242 14.88 0.212428
moses 600 rest 13023672 514.943000 -47169.268080 1677 -28.127172 71.608 443.335 14.87 0.264362
moses 700 rest 13037256 565.646000 -47092.239880 1677 -28.081240 71.608 494.038 14.72 0.294596
moses 800 rest 13088580 643.415000 -47033.617300 1677 -28.046283 71.608 571.807 14.83 0.34097
moses 900 rest 13091604 714.453000 -46974.215370 1677 -28.010862 71.608 642.845 14.87 0.38333
moses 1000 rest 13107400 780.291000 -46919.988180 1677 -27.978526 71.608 708.683 14.85 0.42259
moses 1200 rest 13135412 946.014000 -46833.749290 1677 -27.927102 71.608 874.406 14.94 0.521411
moses 1500 rest 13171712 1148.722000 -46753.713950 1677 -27.879376 71.608 1077.114 14.98 0.642286
moses 1800 rest 13211916 1391.234000 -46688.689460 1677 -27.840602 71.608 1319.626 15.00 0.786897
moses 2000 rest 13235008 1492.443000 -46647.273440 1677 -27.815905 71.608 1420.835 15.02 0.847248
moses 2200 rest 13240176 1634.627000 -46622.604370 1677 -27.801195 71.608 1563.019 14.99 0.932033
moses 2500 rest 13299880 1946.953000 -46568.062800 1677 -27.768672 71.608 1875.345 15.10 1.11827
moses 3000 rest 13372712 2169.060000 -46517.934670 1677 -27.738780 71.608 2097.452 15.15 1.25072
moses 3500 rest 13424864 2533.231000 -46452.720230 1677 -27.699893 71.608 2461.623 15.30 1.46787
moses 4000 rest 13477252 2910.825000 -46407.784060 1677 -27.673097 71.608 2839.217 15.28 1.69303
moses 4500 rest 13508324 3364.610000 -46372.617850 1677 -27.652128 71.608 3293.002 15.28 1.96363
moses 5000 rest 13556888 3640.008000 -46341.543150 1677 -27.633598 71.608 3568.4 15.29 2.12785
moses 6000 rest 13660044 4481.978000 -46278.275350 1677 -27.595871 71.608 4410.37 15.32 2.62992
moses 7000 rest 13755840 5117.759000 -46233.764690 1677 -27.569329 71.608 5046.151 15.28 3.00903
moses 8000 rest 13845700 5589.184000 -46201.522460 1677 -27.550103 71.608 5517.576 15.36 3.29015
moses 9000 rest 13936616 6407.538000 -46173.728860 1677 -27.533529 71.608 6335.93 15.36 3.77813
moses 10000 rest 14020644 7114.965000 -46143.204470 1677 -27.515328 71.608 7043.357 15.33 4.19997
