moses 5 probing 11859800 108.276000 -51179.677040 1677 -30.518591 71.1333333333333 37.1426666666667 12.45 0.0221483
moses 10 probing 11862176 103.684000 -50237.565780 1677 -29.956807 71.1333333333333 32.5506666666667 12.92 0.0194101
moses 20 probing 11868140 120.706000 -49528.020840 1677 -29.533704 71.1333333333333 49.5726666666667 13.45 0.0295603
moses 30 probing 11870228 113.583000 -49147.739750 1677 -29.306941 71.1333333333333 42.4496666666667 13.61 0.0253129
moses 40 probing 11875772 123.907000 -48850.569300 1677 -29.129737 71.1333333333333 52.7736666666667 13.78 0.0314691
moses 50 probing 11880656 135.700000 -48681.315600 1677 -29.028811 71.1333333333333 64.5666666666666 13.88 0.0385013
moses 60 probing 11883428 137.165000 -48542.281600 1677 -28.945904 71.1333333333333 66.0316666666667 13.89 0.0393749
moses 80 probing 11889796 146.240000 -48278.969170 1677 -28.788890 71.1333333333333 75.1066666666667 13.98 0.0447863
moses 100 probing 11892300 166.067000 -48101.356520 1677 -28.682979 71.1333333333333 94.9336666666667 14.19 0.0566092
moses 130 probing 11904204 177.931000 -47925.993490 1677 -28.578410 71.1333333333333 106.797666666667 14.27 0.0636838
moses 170 probing 11911008 213.362000 -47754.348510 1677 -28.476058 71.1333333333333 142.228666666667 14.43 0.0848114
moses 200 probing 11917072 250.023000 -47623.229730 1677 -28.397871 71.1333333333333 178.889666666667 14.51 0.106672
moses 250 probing 11926820 280.740000 -47477.516330 1677 -28.310982 71.1333333333333 209.606666666667 14.51 0.124989
moses 300 probing 11932660 329.221000 -47402.001370 1677 -28.265952 71.1333333333333 258.087666666667 14.61 0.153898
moses 350 probing 11947580 335.739000 -47284.370890 1677 -28.195809 71.1333333333333 264.605666666667 14.62 0.157785
moses 400 probing 11960340 373.756000 -47214.612050 1677 -28.154211 71.1333333333333 302.622666666667 14.65 0.180455
moses 450 probing 11967800 420.634000 -47150.518460 1677 -28.115992 71.1333333333333 349.500666666667 14.67 0.208408
moses 500 probing 11976968 449.237000 -47080.662710 1677 -28.074337 71.1333333333333 378.103666666667 14.71 0.225464
moses 600 probing 11999516 550.636000 -46969.980230 1677 -28.008336 71.1333333333333 479.502666666667 14.79 0.285929
moses 700 probing 12013680 640.321000 -46908.929700 1677 -27.971932 71.1333333333333 569.187666666667 14.85 0.339408
moses 800 probing 12030300 733.872000 -46842.565010 1677 -27.932358 71.1333333333333 662.738666666667 14.93 0.395193
moses 900 probing 12045192 758.986000 -46792.852920 1677 -27.902715 71.1333333333333 687.852666666667 14.94 0.410169
moses 1000 probing 12068560 846.747000 -46737.862530 1677 -27.869924 71.1333333333333 775.613666666667 14.91 0.462501
moses 1200 probing 12064740 1031.765000 -46683.273780 1677 -27.837373 71.1333333333333 960.631666666667 14.96 0.572827
moses 1500 probing 12133720 1243.996000 -46586.594270 1677 -27.779722 71.1333333333333 1172.86266666667 14.96 0.699381
moses 1800 probing 12177684 1492.855000 -46517.713540 1677 -27.738649 71.1333333333333 1421.72166666667 14.98 0.847777
moses 2000 probing 12198796 1645.214000 -46481.208250 1677 -27.716880 71.1333333333333 1574.08066666667 15.04 0.938629
moses 2200 probing 12223620 1896.237000 -46456.630400 1677 -27.702224 71.1333333333333 1825.10366666667 15.11 1.08831
moses 2500 probing 12272212 2029.861000 -46406.091110 1677 -27.672088 71.1333333333333 1958.72766666667 15.14 1.168
moses 3000 probing 12323264 2444.882000 -46357.341470 1677 -27.643018 71.1333333333333 2373.74866666667 15.17 1.41547
moses 3500 probing 12378760 2855.251000 -46300.011060 1677 -27.608832 71.1333333333333 2784.11766666667 15.17 1.66018
moses 4000 probing 12429444 3368.054000 -46264.565980 1677 -27.587696 71.1333333333333 3296.92066666667 15.20 1.96596
moses 4500 probing 12478920 3747.853000 -46234.415960 1677 -27.569717 71.1333333333333 3676.71966666667 15.12 2.19244
moses 5000 probing 12536632 4154.673000 -46207.977890 1677 -27.553952 71.1333333333333 4083.53966666667 15.25 2.43503
moses 6000 probing 12630180 4997.809000 -46171.685040 1677 -27.532311 71.1333333333333 4926.67566666667 15.29 2.93779
moses 7000 probing 12718292 5821.484000 -46134.727840 1677 -27.510273 71.1333333333333 5750.35066666667 15.34 3.42895
moses 8000 probing 12803396 6478.861000 -46089.789510 1677 -27.483476 71.1333333333333 6407.72766666667 15.32 3.82095
moses 10000 probing 12926200 8075.973000 -46051.722720 1677 -27.460777 71.1333333333333 8004.83966666667 15.32 4.77331
