mtplz 5 probing 11196940 28.402700 -50586.351988 1677 -30.164789 23.60242 4.80028 12.83 0.00286242
mtplz 10 probing 11434812 30.837300 -49810.118603 1677 -29.701919 23.60242 7.23488 13.46 0.00431418
mtplz 20 probing 11679236 32.290100 -49140.963477 1677 -29.302900 23.60242 8.68768 14.04 0.00518049
mtplz 30 probing 11836684 34.345800 -48799.812441 1677 -29.099471 23.60242 10.74338 13.98 0.00640631
mtplz 40 probing 11954188 36.776400 -48520.493451 1677 -28.932912 23.60242 13.17398 14.06 0.00785568
mtplz 50 probing 12045144 39.288000 -48375.314611 1677 -28.846341 23.60242 15.68558 14.19 0.00935336
mtplz 60 probing 12128512 40.597800 -48255.176943 1677 -28.774703 23.60242 16.99538 14.19 0.0101344
mtplz 80 probing 12252700 45.582100 -48007.094481 1677 -28.626771 23.60242 21.97968 14.27 0.0131065
mtplz 100 probing 12361480 50.106400 -47865.921199 1677 -28.542589 23.60242 26.50398 14.40 0.0158044
mtplz 130 probing 12487132 55.171600 -47724.935743 1677 -28.458519 23.60242 31.56918 14.43 0.0188248
mtplz 170 probing 12619172 63.475300 -47540.733267 1677 -28.348678 23.60242 39.87288 14.45 0.0237763
mtplz 200 probing 12708020 68.441600 -47448.673352 1677 -28.293783 23.60242 44.83918 14.50 0.0267377
mtplz 250 probing 12824936 78.702000 -47290.822623 1677 -28.199656 23.60242 55.09958 14.45 0.032856
mtplz 300 probing 12918048 87.040800 -47208.210597 1677 -28.150394 23.60242 63.43838 14.46 0.0378285
mtplz 350 probing 12994440 98.050100 -47118.208947 1677 -28.096726 23.60242 74.44768 14.60 0.0443934
mtplz 400 probing 13068384 108.322000 -47033.009145 1677 -28.045921 23.60242 84.71958 14.64 0.0505185
mtplz 450 probing 13134932 116.249000 -46969.284991 1677 -28.007922 23.60242 92.64658 14.62 0.0552454
mtplz 500 probing 13187736 123.908000 -46920.472904 1677 -27.978815 23.60242 100.30558 14.72 0.0598125
mtplz 600 probing 13286672 142.107000 -46830.089503 1677 -27.924919 23.60242 118.50458 14.87 0.0706646
mtplz 700 probing 13375664 163.787000 -46756.770696 1677 -27.881199 23.60242 140.18458 14.85 0.0835925
mtplz 900 probing 13517736 203.448000 -46660.644729 1677 -27.823879 23.60242 179.84558 14.92 0.107242
mtplz 1000 probing 13575624 218.335000 -46621.972199 1677 -27.800818 23.60242 194.73258 14.95 0.11612
mtplz 1200 probing 13684892 253.585000 -46553.986073 1677 -27.760278 23.60242 229.98258 15.04 0.137139
mtplz 1500 probing 13823904 305.646000 -46456.092850 1677 -27.701904 23.60242 282.04358 15.07 0.168183
mtplz 1800 probing 13945228 379.475000 -46403.816322 1677 -27.670731 23.60242 355.87258 15.07 0.212208
mtplz 2000 probing 14016884 422.351000 -46362.124664 1677 -27.645870 23.60242 398.74858 15.09 0.237775
mtplz 2200 probing 14080504 463.113000 -46331.623866 1677 -27.627683 23.60242 439.51058 15.15 0.262081
mtplz 2500 probing 14168392 529.661000 -46289.389057 1677 -27.602498 23.60242 506.05858 15.14 0.301764
mtplz 3000 probing 14306240 642.393000 -46225.285077 1677 -27.564273 23.60242 618.79058 15.09 0.368987
mtplz 3500 probing 14423244 701.543000 -46176.633300 1677 -27.535261 23.60242 677.94058 15.22 0.404258
mtplz 4000 probing 14525848 809.850000 -46129.475456 1677 -27.507141 23.60242 786.24758 15.20 0.468842
mtplz 4500 probing 14623320 915.141000 -46100.994224 1677 -27.490158 23.60242 891.53858 15.16 0.531627
mtplz 5000 probing 14714564 1067.370000 -46070.309595 1677 -27.471860 23.60242 1043.76758 15.17 0.622402
mtplz 6000 probing 14878944 1382.060000 -46030.331966 1677 -27.448021 23.60242 1358.45758 15.20 0.810052
mtplz 7000 probing 15006148 1604.120000 -45999.644073 1677 -27.429722 23.60242 1580.51758 15.22 0.942467
mtplz 8000 probing 15097164 1645.390000 -45973.164385 1677 -27.413932 23.60242 1621.78758 15.23 0.967077
mtplz 9000 probing 15175480 2110.920000 -45950.544313 1677 -27.400444 23.60242 2087.31758 15.28 1.24467
mtplz 10000 probing 15234824 2130.200000 -45933.415748 1677 -27.390230 23.60242 2106.59758 15.28 1.25617
mtplz 15000 probing 15458924 3517.380000 -45862.811938 1677 -27.348129 23.60242 3493.77758 15.40 2.08335
mtplz 20000 probing 15618524 4135.900000 -45817.702284 1677 -27.321230 23.60242 4112.29758 15.38 2.45218
mtplz 25000 probing 15754472 5097.780000 -45787.327853 1677 -27.303117 23.60242 5074.17758 15.34 3.02575
mtplz 30000 probing 15899680 6172.280000 -45763.665599 1677 -27.289008 23.60242 6148.67758 15.33 3.66647
mtplz 35000 probing 15997052 7187.570000 -45750.277132 1677 -27.281024 23.60242 7163.96758 15.32 4.27189
mtplz 40000 probing 16091772 8719.340000 -45735.858343 1677 -27.272426 23.60242 8695.73758 15.31 5.18529
mtplz 45000 probing 16164748 9192.700000 -45723.384695 1677 -27.264988 23.60242 9169.09758 15.29 5.46756
