mtplz 5 rest 12367352 28.968600 -50306.327353 1677 -29.997810 24.08434 4.88426 13.75 0.0029125
mtplz 10 rest 12611792 30.525400 -49517.718922 1677 -29.527560 24.08434 6.44106 14.13 0.00384082
mtplz 20 rest 12862172 34.642700 -48870.711860 1677 -29.141748 24.08434 10.55836 14.34 0.00629598
mtplz 30 rest 13033748 36.601400 -48619.300257 1677 -28.991831 24.08434 12.51706 14.46 0.00746396
mtplz 40 rest 13150640 38.350200 -48341.369868 1677 -28.826100 24.08434 14.26586 14.50 0.00850677
mtplz 50 rest 13249096 39.641000 -48197.077616 1677 -28.740058 24.08434 15.55666 14.53 0.00927648
mtplz 60 rest 13326888 42.251600 -48067.401271 1677 -28.662732 24.08434 18.16726 14.47 0.0108332
mtplz 80 rest 13462300 45.868000 -47871.256971 1677 -28.545770 24.08434 21.78366 14.65 0.0129897
mtplz 100 rest 13562256 50.940300 -47711.619406 1677 -28.450578 24.08434 26.85596 14.57 0.0160143
mtplz 130 rest 13688808 56.816400 -47546.791826 1677 -28.352291 24.08434 32.73206 14.51 0.0195182
mtplz 170 rest 13817940 65.185100 -47383.032568 1677 -28.254641 24.08434 41.10076 14.67 0.0245085
mtplz 200 rest 13897976 70.114300 -47296.884421 1677 -28.203270 24.08434 46.02996 14.65 0.0274478
mtplz 250 rest 14009564 80.512800 -47173.475539 1677 -28.129681 24.08434 56.42846 14.70 0.0336485
mtplz 300 rest 14101416 90.710200 -47056.665119 1677 -28.060027 24.08434 66.62586 14.84 0.0397292
mtplz 350 rest 14183200 101.450000 -46976.452660 1677 -28.012196 24.08434 77.36566 14.93 0.0461334
mtplz 400 rest 14256596 110.316000 -46914.097230 1677 -27.975013 24.08434 86.23166 15.01 0.0514202
mtplz 450 rest 14321888 121.213000 -46833.084906 1677 -27.926705 24.08434 97.12866 15.13 0.0579181
mtplz 500 rest 14376564 130.052000 -46777.594851 1677 -27.893616 24.08434 105.96766 15.20 0.0631888
mtplz 600 rest 14475448 148.256000 -46680.231786 1677 -27.835559 24.08434 124.17166 15.31 0.0740439
mtplz 700 rest 14552548 169.337000 -46630.197499 1677 -27.805723 24.08434 145.25266 15.29 0.0866146
mtplz 900 rest 14687204 200.594000 -46516.308764 1677 -27.737811 24.08434 176.50966 15.29 0.105253
mtplz 1000 rest 14749636 218.791000 -46465.051174 1677 -27.707246 24.08434 194.70666 15.32 0.116104
mtplz 1200 rest 14856488 264.703000 -46417.613680 1677 -27.678959 24.08434 240.61866 15.39 0.143482
mtplz 1500 rest 14989140 322.468000 -46325.038508 1677 -27.623756 24.08434 298.38366 15.33 0.177927
mtplz 1800 rest 15099876 374.851000 -46261.152176 1677 -27.585660 24.08434 350.76666 15.35 0.209163
mtplz 2000 rest 15167380 418.636000 -46237.051813 1677 -27.571289 24.08434 394.55166 15.40 0.235272
mtplz 2200 rest 15228928 461.561000 -46202.630054 1677 -27.550763 24.08434 437.47666 15.34 0.260869
mtplz 2500 rest 15312288 520.603000 -46176.950689 1677 -27.535451 24.08434 496.51866 15.31 0.296076
mtplz 3000 rest 15444444 609.016000 -46130.552543 1677 -27.507783 24.08434 584.93166 15.37 0.348796
mtplz 3500 rest 15558032 757.365000 -46093.910383 1677 -27.485933 24.08434 733.28066 15.37 0.437257
mtplz 4000 rest 15656008 867.944000 -46045.611666 1677 -27.457133 24.08434 843.85966 15.41 0.503196
mtplz 4500 rest 15748044 951.179000 -46027.746742 1677 -27.446480 24.08434 927.09466 15.33 0.552829
mtplz 5000 rest 15838184 1046.210000 -46005.653976 1677 -27.433306 24.08434 1022.12566 15.31 0.609497
mtplz 6000 rest 15985628 1255.080000 -45964.852951 1677 -27.408976 24.08434 1230.99566 15.34 0.734046
mtplz 7000 rest 16114448 1659.590000 -45939.694900 1677 -27.393974 24.08434 1635.50566 15.34 0.975257
mtplz 8000 rest 16198828 1805.550000 -45913.057131 1677 -27.378090 24.08434 1781.46566 15.34 1.06229
mtplz 9000 rest 16276364 2142.430000 -45886.576593 1677 -27.362300 24.08434 2118.34566 15.34 1.26318
mtplz 10000 rest 16331528 2221.170000 -45874.196696 1677 -27.354918 24.08434 2197.08566 15.31 1.31013
mtplz 15000 rest 16558580 3440.450000 -45808.811256 1677 -27.315928 24.08434 3416.36566 15.31 2.03719
mtplz 20000 rest 16710848 4777.590000 -45768.705001 1677 -27.292013 24.08434 4753.50566 15.33 2.83453
mtplz 25000 rest 16840912 5076.700000 -45751.544673 1677 -27.281780 24.08434 5052.61566 15.31 3.01289
mtplz 30000 rest 16977184 6085.410000 -45729.749164 1677 -27.268783 24.08434 6061.32566 15.35 3.61439
mtplz 35000 rest 17077488 7325.980000 -45717.069217 1677 -27.261222 24.08434 7301.89566 15.35 4.35414
mtplz 40000 rest 17159392 8436.270000 -45706.323629 1677 -27.254814 24.08434 8412.18566 15.33 5.01621
mtplz 45000 rest 17256756 9708.550000 -45696.542102 1677 -27.248982 24.08434 9684.46566 15.31 5.77488
